THREADS = 1 | 10 TIMES | BOARD = 200
199934111.000000
2433308.000000
197500803.000000

199.934
 2.433
197.501

1.217
98.783

XXXXXXXXXXXXXXXXXXXXXXXXXXXXXXXXXXXXXXXXXXXXX

199273655.000000
2411669.000000
196861986.000000

199.274
 2.412
196.862

1.210
98.790

XXXXXXXXXXXXXXXXXXXXXXXXXXXXXXXXXXXXXXXXXXXXX

203888190.000000
2399433.000000
201488757.000000

203.888
 2.399
201.489

1.177
98.823

XXXXXXXXXXXXXXXXXXXXXXXXXXXXXXXXXXXXXXXXXXXXX

198212294.000000
2401777.000000
195810517.000000

198.212
 2.402
195.811

1.212
98.788

XXXXXXXXXXXXXXXXXXXXXXXXXXXXXXXXXXXXXXXXXXXXX

198492013.000000
2426508.000000
196065505.000000

198.492
 2.427
196.066

1.222
98.778

XXXXXXXXXXXXXXXXXXXXXXXXXXXXXXXXXXXXXXXXXXXXX

204320623.000000
2408787.000000
201911836.000000

204.321
 2.409
201.912

1.179
98.821

XXXXXXXXXXXXXXXXXXXXXXXXXXXXXXXXXXXXXXXXXXXXX

208346979.000000
2407529.000000
205939450.000000

208.347
 2.408
205.939

1.156
98.844

XXXXXXXXXXXXXXXXXXXXXXXXXXXXXXXXXXXXXXXXXXXXX

204133666.000000
2401653.000000
201732013.000000

204.134
 2.402
201.732

1.177
98.823

XXXXXXXXXXXXXXXXXXXXXXXXXXXXXXXXXXXXXXXXXXXXX

203398739.000000
2429063.000000
200969676.000000

203.399
 2.429
200.970

1.194
98.806

XXXXXXXXXXXXXXXXXXXXXXXXXXXXXXXXXXXXXXXXXXXXX

211489541.000000
2425534.000000
209064007.000000

211.490
 2.426
209.064

1.147
98.853

XXXXXXXXXXXXXXXXXXXXXXXXXXXXXXXXXXXXXXXXXXXXX


THREADS = 2 | 10 TIMES | BOARD = 200
128376686.000000
2530314.000000
125846372.000000

128.377
 2.530
125.846

1.971
98.029

XXXXXXXXXXXXXXXXXXXXXXXXXXXXXXXXXXXXXXXXXXXXX

108552456.000000
2578228.000000
105974228.000000

108.552
 2.578
105.974

2.375
97.625

XXXXXXXXXXXXXXXXXXXXXXXXXXXXXXXXXXXXXXXXXXXXX

109520577.000000
2578478.000000
106942099.000000

109.521
 2.578
106.942

2.354
97.646

XXXXXXXXXXXXXXXXXXXXXXXXXXXXXXXXXXXXXXXXXXXXX

118921604.000000
2555343.000000
116366261.000000

118.922
 2.555
116.366

2.149
97.851

XXXXXXXXXXXXXXXXXXXXXXXXXXXXXXXXXXXXXXXXXXXXX

109838717.000000
2572731.000000
107265986.000000

109.839
 2.573
107.266

2.342
97.658

XXXXXXXXXXXXXXXXXXXXXXXXXXXXXXXXXXXXXXXXXXXXX

109556844.000000
2568729.000000
106988115.000000

109.557
 2.569
106.988

2.345
97.655

XXXXXXXXXXXXXXXXXXXXXXXXXXXXXXXXXXXXXXXXXXXXX

109533581.000000
2570596.000000
106962985.000000

109.534
 2.571
106.963

2.347
97.653

XXXXXXXXXXXXXXXXXXXXXXXXXXXXXXXXXXXXXXXXXXXXX

109280431.000000
2551536.000000
106728895.000000

109.280
 2.552
106.729

2.335
97.665

XXXXXXXXXXXXXXXXXXXXXXXXXXXXXXXXXXXXXXXXXXXXX

108274908.000000
2526570.000000
105748338.000000

108.275
 2.527
105.748

2.333
97.667

XXXXXXXXXXXXXXXXXXXXXXXXXXXXXXXXXXXXXXXXXXXXX

108399183.000000
2558709.000000
105840474.000000

108.399
 2.559
105.840

2.360
97.640

XXXXXXXXXXXXXXXXXXXXXXXXXXXXXXXXXXXXXXXXXXXXX


THREADS = 4 | 10 TIMES | BOARD = 200
61975551.000000
2604774.000000
59370777.000000

61.976
 2.605
59.371

4.203
95.797

XXXXXXXXXXXXXXXXXXXXXXXXXXXXXXXXXXXXXXXXXXXXX

59055087.000000
2605832.000000
56449255.000000

59.055
 2.606
56.449

4.413
95.587

XXXXXXXXXXXXXXXXXXXXXXXXXXXXXXXXXXXXXXXXXXXXX

68259002.000000
2591243.000000
65667759.000000

68.259
 2.591
65.668

3.796
96.204

XXXXXXXXXXXXXXXXXXXXXXXXXXXXXXXXXXXXXXXXXXXXX

70593925.000000
2589576.000000
68004349.000000

70.594
 2.590
68.004

3.668
96.332

XXXXXXXXXXXXXXXXXXXXXXXXXXXXXXXXXXXXXXXXXXXXX

60748541.000000
2603932.000000
58144609.000000

60.749
 2.604
58.145

4.286
95.714

XXXXXXXXXXXXXXXXXXXXXXXXXXXXXXXXXXXXXXXXXXXXX

72765314.000000
2594935.000000
70170379.000000

72.765
 2.595
70.170

3.566
96.434

XXXXXXXXXXXXXXXXXXXXXXXXXXXXXXXXXXXXXXXXXXXXX

58906880.000000
2610351.000000
56296529.000000

58.907
 2.610
56.297

4.431
95.569

XXXXXXXXXXXXXXXXXXXXXXXXXXXXXXXXXXXXXXXXXXXXX

61002285.000000
2659239.000000
58343046.000000

61.002
 2.659
58.343

4.359
95.641

XXXXXXXXXXXXXXXXXXXXXXXXXXXXXXXXXXXXXXXXXXXXX

58498893.000000
2591366.000000
55907527.000000

58.499
 2.591
55.908

4.430
95.570

XXXXXXXXXXXXXXXXXXXXXXXXXXXXXXXXXXXXXXXXXXXXX

58890241.000000
2601312.000000
56288929.000000

58.890
 2.601
56.289

4.417
95.583

XXXXXXXXXXXXXXXXXXXXXXXXXXXXXXXXXXXXXXXXXXXXX


THREADS = 6 | 10 TIMES | BOARD = 200
42222671.000000
2629714.000000
39592957.000000

42.223
 2.630
39.593

6.228
93.772

XXXXXXXXXXXXXXXXXXXXXXXXXXXXXXXXXXXXXXXXXXXXX

42049683.000000
2605991.000000
39443692.000000

42.050
 2.606
39.444

6.197
93.803

XXXXXXXXXXXXXXXXXXXXXXXXXXXXXXXXXXXXXXXXXXXXX

44704393.000000
2608204.000000
42096189.000000

44.704
 2.608
42.096

5.834
94.166

XXXXXXXXXXXXXXXXXXXXXXXXXXXXXXXXXXXXXXXXXXXXX

47457222.000000
2619951.000000
44837271.000000

47.457
 2.620
44.837

5.521
94.479

XXXXXXXXXXXXXXXXXXXXXXXXXXXXXXXXXXXXXXXXXXXXX

43850708.000000
2638499.000000
41212209.000000

43.851
 2.638
41.212

6.017
93.983

XXXXXXXXXXXXXXXXXXXXXXXXXXXXXXXXXXXXXXXXXXXXX

49982580.000000
2614554.000000
47368026.000000

49.983
 2.615
47.368

5.231
94.769

XXXXXXXXXXXXXXXXXXXXXXXXXXXXXXXXXXXXXXXXXXXXX

49274570.000000
2614750.000000
46659820.000000

49.275
 2.615
46.660

5.306
94.694

XXXXXXXXXXXXXXXXXXXXXXXXXXXXXXXXXXXXXXXXXXXXX

46261936.000000
2618427.000000
43643509.000000

46.262
 2.618
43.644

5.660
94.340

XXXXXXXXXXXXXXXXXXXXXXXXXXXXXXXXXXXXXXXXXXXXX

42304593.000000
2622063.000000
39682530.000000

42.305
 2.622
39.683

6.198
93.802

XXXXXXXXXXXXXXXXXXXXXXXXXXXXXXXXXXXXXXXXXXXXX

43086427.000000
2657851.000000
40428576.000000

43.086
 2.658
40.429

6.169
93.831

XXXXXXXXXXXXXXXXXXXXXXXXXXXXXXXXXXXXXXXXXXXXX


THREADS = 8 | 10 TIMES | BOARD = 200
36888370.000000
2638891.000000
34249479.000000

36.888
 2.639
34.249

7.154
92.846

XXXXXXXXXXXXXXXXXXXXXXXXXXXXXXXXXXXXXXXXXXXXX

37390278.000000
2657808.000000
34732470.000000

37.390
 2.658
34.732

7.108
92.892

XXXXXXXXXXXXXXXXXXXXXXXXXXXXXXXXXXXXXXXXXXXXX

36829655.000000
2644491.000000
34185164.000000

36.830
 2.644
34.185

7.180
92.820

XXXXXXXXXXXXXXXXXXXXXXXXXXXXXXXXXXXXXXXXXXXXX

36054513.000000
2646638.000000
33407875.000000

36.055
 2.647
33.408

7.341
92.659

XXXXXXXXXXXXXXXXXXXXXXXXXXXXXXXXXXXXXXXXXXXXX

35980044.000000
2639529.000000
33340515.000000

35.980
 2.640
33.341

7.336
92.664

XXXXXXXXXXXXXXXXXXXXXXXXXXXXXXXXXXXXXXXXXXXXX

35893531.000000
2650120.000000
33243411.000000

35.894
 2.650
33.243

7.383
92.617

XXXXXXXXXXXXXXXXXXXXXXXXXXXXXXXXXXXXXXXXXXXXX

35171844.000000
2669297.000000
32502547.000000

35.172
 2.669
32.503

7.589
92.411

XXXXXXXXXXXXXXXXXXXXXXXXXXXXXXXXXXXXXXXXXXXXX

37592000.000000
2663017.000000
34928983.000000

37.592
 2.663
34.929

7.084
92.916

XXXXXXXXXXXXXXXXXXXXXXXXXXXXXXXXXXXXXXXXXXXXX

36563554.000000
2653418.000000
33910136.000000

36.564
 2.653
33.910

7.257
92.743

XXXXXXXXXXXXXXXXXXXXXXXXXXXXXXXXXXXXXXXXXXXXX

35268347.000000
2658091.000000
32610256.000000

35.268
 2.658
32.610

7.537
92.463

XXXXXXXXXXXXXXXXXXXXXXXXXXXXXXXXXXXXXXXXXXXXX


THREADS = 10 | 10 TIMES | BOARD = 200
30434257.000000
2736775.000000
27697482.000000

30.434
 2.737
27.697

8.992
91.008

XXXXXXXXXXXXXXXXXXXXXXXXXXXXXXXXXXXXXXXXXXXXX

31866007.000000
2684367.000000
29181640.000000

31.866
 2.684
29.182

8.424
91.576

XXXXXXXXXXXXXXXXXXXXXXXXXXXXXXXXXXXXXXXXXXXXX

33305881.000000
2663442.000000
30642439.000000

33.306
 2.663
30.642

7.997
92.003

XXXXXXXXXXXXXXXXXXXXXXXXXXXXXXXXXXXXXXXXXXXXX

31096374.000000
2682163.000000
28414211.000000

31.096
 2.682
28.414

8.625
91.375

XXXXXXXXXXXXXXXXXXXXXXXXXXXXXXXXXXXXXXXXXXXXX

32684723.000000
2678388.000000
30006335.000000

32.685
 2.678
30.006

8.195
91.805

XXXXXXXXXXXXXXXXXXXXXXXXXXXXXXXXXXXXXXXXXXXXX

31279763.000000
2717739.000000
28562024.000000

31.280
 2.718
28.562

8.688
91.312

XXXXXXXXXXXXXXXXXXXXXXXXXXXXXXXXXXXXXXXXXXXXX

31353780.000000
2702031.000000
28651749.000000

31.354
 2.702
28.652

8.618
91.382

XXXXXXXXXXXXXXXXXXXXXXXXXXXXXXXXXXXXXXXXXXXXX

31229780.000000
2678548.000000
28551232.000000

31.230
 2.679
28.551

8.577
91.423

XXXXXXXXXXXXXXXXXXXXXXXXXXXXXXXXXXXXXXXXXXXXX

29557415.000000
2688541.000000
26868874.000000

29.557
 2.689
26.869

9.096
90.904

XXXXXXXXXXXXXXXXXXXXXXXXXXXXXXXXXXXXXXXXXXXXX

30595438.000000
2669847.000000
27925591.000000

30.595
 2.670
27.926

8.726
91.274

XXXXXXXXXXXXXXXXXXXXXXXXXXXXXXXXXXXXXXXXXXXXX


THREADS = 12 | 10 TIMES | BOARD = 200
29531047.000000
2711094.000000
26819953.000000

29.531
 2.711
26.820

9.180
90.820

XXXXXXXXXXXXXXXXXXXXXXXXXXXXXXXXXXXXXXXXXXXXX

26466204.000000
2708355.000000
23757849.000000

26.466
 2.708
23.758

10.233
89.767

XXXXXXXXXXXXXXXXXXXXXXXXXXXXXXXXXXXXXXXXXXXXX

26739325.000000
2716061.000000
24023264.000000

26.739
 2.716
24.023

10.158
89.842

XXXXXXXXXXXXXXXXXXXXXXXXXXXXXXXXXXXXXXXXXXXXX

26457831.000000
2710671.000000
23747160.000000

26.458
 2.711
23.747

10.245
89.755

XXXXXXXXXXXXXXXXXXXXXXXXXXXXXXXXXXXXXXXXXXXXX

27119286.000000
2727590.000000
24391696.000000

27.119
 2.728
24.392

10.058
89.942

XXXXXXXXXXXXXXXXXXXXXXXXXXXXXXXXXXXXXXXXXXXXX

27172000.000000
2742837.000000
24429163.000000

27.172
 2.743
24.429

10.094
89.906

XXXXXXXXXXXXXXXXXXXXXXXXXXXXXXXXXXXXXXXXXXXXX

27233916.000000
2714625.000000
24519291.000000

27.234
 2.715
24.519

9.968
90.032

XXXXXXXXXXXXXXXXXXXXXXXXXXXXXXXXXXXXXXXXXXXXX

26733583.000000
2687577.000000
24046006.000000

26.734
 2.688
24.046

10.053
89.947

XXXXXXXXXXXXXXXXXXXXXXXXXXXXXXXXXXXXXXXXXXXXX

27144754.000000
2727859.000000
24416895.000000

27.145
 2.728
24.417

10.049
89.951

XXXXXXXXXXXXXXXXXXXXXXXXXXXXXXXXXXXXXXXXXXXXX

28104981.000000
2752164.000000
25352817.000000

28.105
 2.752
25.353

9.792
90.208

XXXXXXXXXXXXXXXXXXXXXXXXXXXXXXXXXXXXXXXXXXXXX


THREADS = 14 | 10 TIMES | BOARD = 200
25098166.000000
2731892.000000
22366274.000000

25.098
 2.732
22.366

10.885
89.115

XXXXXXXXXXXXXXXXXXXXXXXXXXXXXXXXXXXXXXXXXXXXX

27111307.000000
2707176.000000
24404131.000000

27.111
 2.707
24.404

9.985
90.015

XXXXXXXXXXXXXXXXXXXXXXXXXXXXXXXXXXXXXXXXXXXXX

30065215.000000
2748507.000000
27316708.000000

30.065
 2.749
27.317

9.142
90.858

XXXXXXXXXXXXXXXXXXXXXXXXXXXXXXXXXXXXXXXXXXXXX

25821887.000000
2729282.000000
23092605.000000

25.822
 2.729
23.093

10.570
89.430

XXXXXXXXXXXXXXXXXXXXXXXXXXXXXXXXXXXXXXXXXXXXX

25336279.000000
2710272.000000
22626007.000000

25.336
 2.710
22.626

10.697
89.303

XXXXXXXXXXXXXXXXXXXXXXXXXXXXXXXXXXXXXXXXXXXXX

24991633.000000
2743378.000000
22248255.000000

24.992
 2.743
22.248

10.977
89.023

XXXXXXXXXXXXXXXXXXXXXXXXXXXXXXXXXXXXXXXXXXXXX

28678519.000000
2700933.000000
25977586.000000

28.679
 2.701
25.978

9.418
90.582

XXXXXXXXXXXXXXXXXXXXXXXXXXXXXXXXXXXXXXXXXXXXX

25937588.000000
2719213.000000
23218375.000000

25.938
 2.719
23.218

10.484
89.516

XXXXXXXXXXXXXXXXXXXXXXXXXXXXXXXXXXXXXXXXXXXXX

25479004.000000
2707778.000000
22771226.000000

25.479
 2.708
22.771

10.627
89.373

XXXXXXXXXXXXXXXXXXXXXXXXXXXXXXXXXXXXXXXXXXXXX

25214573.000000
2775135.000000
22439438.000000

25.215
 2.775
22.439

11.006
88.994

XXXXXXXXXXXXXXXXXXXXXXXXXXXXXXXXXXXXXXXXXXXXX


THREADS = 16 | 10 TIMES | BOARD = 200
25218870.000000
2698933.000000
22519937.000000

25.219
 2.699
22.520

10.702
89.298

XXXXXXXXXXXXXXXXXXXXXXXXXXXXXXXXXXXXXXXXXXXXX

24648862.000000
2754535.000000
21894327.000000

24.649
 2.755
21.894

11.175
88.825

XXXXXXXXXXXXXXXXXXXXXXXXXXXXXXXXXXXXXXXXXXXXX

25003793.000000
2726331.000000
22277462.000000

25.004
 2.726
22.277

10.904
89.096

XXXXXXXXXXXXXXXXXXXXXXXXXXXXXXXXXXXXXXXXXXXXX

25020857.000000
2772646.000000
22248211.000000

25.021
 2.773
22.248

11.081
88.919

XXXXXXXXXXXXXXXXXXXXXXXXXXXXXXXXXXXXXXXXXXXXX

23910061.000000
2730904.000000
21179157.000000

23.910
 2.731
21.179

11.422
88.578

XXXXXXXXXXXXXXXXXXXXXXXXXXXXXXXXXXXXXXXXXXXXX

23167825.000000
2751274.000000
20416551.000000

23.168
 2.751
20.417

11.875
88.125

XXXXXXXXXXXXXXXXXXXXXXXXXXXXXXXXXXXXXXXXXXXXX

25258831.000000
2715771.000000
22543060.000000

25.259
 2.716
22.543

10.752
89.248

XXXXXXXXXXXXXXXXXXXXXXXXXXXXXXXXXXXXXXXXXXXXX

26765645.000000
2731875.000000
24033770.000000

26.766
 2.732
24.034

10.207
89.793

XXXXXXXXXXXXXXXXXXXXXXXXXXXXXXXXXXXXXXXXXXXXX

24183166.000000
2728502.000000
21454664.000000

24.183
 2.729
21.455

11.283
88.717

XXXXXXXXXXXXXXXXXXXXXXXXXXXXXXXXXXXXXXXXXXXXX

27655744.000000
2727694.000000
24928050.000000

27.656
 2.728
24.928

9.863
90.137

XXXXXXXXXXXXXXXXXXXXXXXXXXXXXXXXXXXXXXXXXXXXX


THREADS = 18 | 10 TIMES | BOARD = 200
28537260.000000
2727715.000000
25809545.000000

28.537
 2.728
25.810

9.558
90.442

XXXXXXXXXXXXXXXXXXXXXXXXXXXXXXXXXXXXXXXXXXXXX

28361372.000000
2763937.000000
25597435.000000

28.361
 2.764
25.597

9.745
90.255

XXXXXXXXXXXXXXXXXXXXXXXXXXXXXXXXXXXXXXXXXXXXX

26223394.000000
2772499.000000
23450895.000000

26.223
 2.772
23.451

10.573
89.427

XXXXXXXXXXXXXXXXXXXXXXXXXXXXXXXXXXXXXXXXXXXXX

25775568.000000
2835149.000000
22940419.000000

25.776
 2.835
22.940

10.999
89.001

XXXXXXXXXXXXXXXXXXXXXXXXXXXXXXXXXXXXXXXXXXXXX

29506103.000000
2731214.000000
26774889.000000

29.506
 2.731
26.775

9.256
90.744

XXXXXXXXXXXXXXXXXXXXXXXXXXXXXXXXXXXXXXXXXXXXX

24599169.000000
2750608.000000
21848561.000000

24.599
 2.751
21.849

11.182
88.818

XXXXXXXXXXXXXXXXXXXXXXXXXXXXXXXXXXXXXXXXXXXXX

29633130.000000
2692922.000000
26940208.000000

29.633
 2.693
26.940

9.088
90.912

XXXXXXXXXXXXXXXXXXXXXXXXXXXXXXXXXXXXXXXXXXXXX

26847618.000000
2695447.000000
24152171.000000

26.848
 2.695
24.152

10.040
89.960

XXXXXXXXXXXXXXXXXXXXXXXXXXXXXXXXXXXXXXXXXXXXX

29408039.000000
2687659.000000
26720380.000000

29.408
 2.688
26.720

9.139
90.861

XXXXXXXXXXXXXXXXXXXXXXXXXXXXXXXXXXXXXXXXXXXXX

26339877.000000
2716724.000000
23623153.000000

26.340
 2.717
23.623

10.314
89.686

XXXXXXXXXXXXXXXXXXXXXXXXXXXXXXXXXXXXXXXXXXXXX


THREADS = 20 | 10 TIMES | BOARD = 200
29993837.000000
2730096.000000
27263741.000000

29.994
 2.730
27.264

9.102
90.898

XXXXXXXXXXXXXXXXXXXXXXXXXXXXXXXXXXXXXXXXXXXXX

27665494.000000
2766047.000000
24899447.000000

27.665
 2.766
24.899

9.998
90.002

XXXXXXXXXXXXXXXXXXXXXXXXXXXXXXXXXXXXXXXXXXXXX

26284558.000000
2687170.000000
23597388.000000

26.285
 2.687
23.597

10.223
89.777

XXXXXXXXXXXXXXXXXXXXXXXXXXXXXXXXXXXXXXXXXXXXX

25898213.000000
2716884.000000
23181329.000000

25.898
 2.717
23.181

10.491
89.509

XXXXXXXXXXXXXXXXXXXXXXXXXXXXXXXXXXXXXXXXXXXXX

25609313.000000
2720223.000000
22889090.000000

25.609
 2.720
22.889

10.622
89.378

XXXXXXXXXXXXXXXXXXXXXXXXXXXXXXXXXXXXXXXXXXXXX

29632641.000000
2792176.000000
26840465.000000

29.633
 2.792
26.840

9.423
90.577

XXXXXXXXXXXXXXXXXXXXXXXXXXXXXXXXXXXXXXXXXXXXX

25745249.000000
2750729.000000
22994520.000000

25.745
 2.751
22.995

10.684
89.316

XXXXXXXXXXXXXXXXXXXXXXXXXXXXXXXXXXXXXXXXXXXXX

25299638.000000
2676828.000000
22622810.000000

25.300
 2.677
22.623

10.580
89.420

XXXXXXXXXXXXXXXXXXXXXXXXXXXXXXXXXXXXXXXXXXXXX

26020724.000000
2707089.000000
23313635.000000

26.021
 2.707
23.314

10.404
89.596

XXXXXXXXXXXXXXXXXXXXXXXXXXXXXXXXXXXXXXXXXXXXX

27266048.000000
2831099.000000
24434949.000000

27.266
 2.831
24.435

10.383
89.617

XXXXXXXXXXXXXXXXXXXXXXXXXXXXXXXXXXXXXXXXXXXXX


