THREADS = 1 | 10 TIMES | BOARD = 150
62794177.000000
1350393.000000
61443784.000000

62.794
 1.350
61.444

2.151
97.849

XXXXXXXXXXXXXXXXXXXXXXXXXXXXXXXXXXXXXXXXXXXXX

62737326.000000
1343940.000000
61393386.000000

62.737
 1.344
61.393

2.142
97.858

XXXXXXXXXXXXXXXXXXXXXXXXXXXXXXXXXXXXXXXXXXXXX

64740200.000000
1361919.000000
63378281.000000

64.740
 1.362
63.378

2.104
97.896

XXXXXXXXXXXXXXXXXXXXXXXXXXXXXXXXXXXXXXXXXXXXX

65267234.000000
1359395.000000
63907839.000000

65.267
 1.359
63.908

2.083
97.917

XXXXXXXXXXXXXXXXXXXXXXXXXXXXXXXXXXXXXXXXXXXXX

63491381.000000
1356355.000000
62135026.000000

63.491
 1.356
62.135

2.136
97.864

XXXXXXXXXXXXXXXXXXXXXXXXXXXXXXXXXXXXXXXXXXXXX

66122579.000000
1392050.000000
64730529.000000

66.123
 1.392
64.731

2.105
97.895

XXXXXXXXXXXXXXXXXXXXXXXXXXXXXXXXXXXXXXXXXXXXX

64379279.000000
1395925.000000
62983354.000000

64.379
 1.396
62.983

2.168
97.832

XXXXXXXXXXXXXXXXXXXXXXXXXXXXXXXXXXXXXXXXXXXXX

65661751.000000
1446162.000000
64215589.000000

65.662
 1.446
64.216

2.202
97.798

XXXXXXXXXXXXXXXXXXXXXXXXXXXXXXXXXXXXXXXXXXXXX

67146634.000000
1449535.000000
65697099.000000

67.147
 1.450
65.697

2.159
97.841

XXXXXXXXXXXXXXXXXXXXXXXXXXXXXXXXXXXXXXXXXXXXX

69290983.000000
2062767.000000
67228216.000000

69.291
 2.063
67.228

2.977
97.023

XXXXXXXXXXXXXXXXXXXXXXXXXXXXXXXXXXXXXXXXXXXXX


THREADS = 2 | 10 TIMES | BOARD = 150
43563056.000000
1769780.000000
41793276.000000

43.563
 1.770
41.793

4.063
95.937

XXXXXXXXXXXXXXXXXXXXXXXXXXXXXXXXXXXXXXXXXXXXX

47072626.000000
2046643.000000
45025983.000000

47.073
 2.047
45.026

4.348
95.652

XXXXXXXXXXXXXXXXXXXXXXXXXXXXXXXXXXXXXXXXXXXXX

38164252.000000
1476784.000000
36687468.000000

38.164
 1.477
36.687

3.870
96.130

XXXXXXXXXXXXXXXXXXXXXXXXXXXXXXXXXXXXXXXXXXXXX

38145306.000000
1470573.000000
36674733.000000

38.145
 1.471
36.675

3.855
96.145

XXXXXXXXXXXXXXXXXXXXXXXXXXXXXXXXXXXXXXXXXXXXX

39231717.000000
1537033.000000
37694684.000000

39.232
 1.537
37.695

3.918
96.082

XXXXXXXXXXXXXXXXXXXXXXXXXXXXXXXXXXXXXXXXXXXXX

40705212.000000
1575399.000000
39129813.000000

40.705
 1.575
39.130

3.870
96.130

XXXXXXXXXXXXXXXXXXXXXXXXXXXXXXXXXXXXXXXXXXXXX

36780053.000000
1439845.000000
35340208.000000

36.780
 1.440
35.340

3.915
96.085

XXXXXXXXXXXXXXXXXXXXXXXXXXXXXXXXXXXXXXXXXXXXX

40563934.000000
1427575.000000
39136359.000000

40.564
 1.428
39.136

3.519
96.481

XXXXXXXXXXXXXXXXXXXXXXXXXXXXXXXXXXXXXXXXXXXXX

35226284.000000
1437402.000000
33788882.000000

35.226
 1.437
33.789

4.080
95.920

XXXXXXXXXXXXXXXXXXXXXXXXXXXXXXXXXXXXXXXXXXXXX

37067500.000000
1413193.000000
35654307.000000

37.068
 1.413
35.654

3.812
96.188

XXXXXXXXXXXXXXXXXXXXXXXXXXXXXXXXXXXXXXXXXXXXX


THREADS = 4 | 10 TIMES | BOARD = 150
21109759.000000
1436689.000000
19673070.000000

21.110
 1.437
19.673

6.806
93.194

XXXXXXXXXXXXXXXXXXXXXXXXXXXXXXXXXXXXXXXXXXXXX

20003971.000000
1441161.000000
18562810.000000

20.004
 1.441
18.563

7.204
92.796

XXXXXXXXXXXXXXXXXXXXXXXXXXXXXXXXXXXXXXXXXXXXX

20186110.000000
1433052.000000
18753058.000000

20.186
 1.433
18.753

7.099
92.901

XXXXXXXXXXXXXXXXXXXXXXXXXXXXXXXXXXXXXXXXXXXXX

20908274.000000
1468857.000000
19439417.000000

20.908
 1.469
19.439

7.025
92.975

XXXXXXXXXXXXXXXXXXXXXXXXXXXXXXXXXXXXXXXXXXXXX

20757964.000000
1424656.000000
19333308.000000

20.758
 1.425
19.333

6.863
93.137

XXXXXXXXXXXXXXXXXXXXXXXXXXXXXXXXXXXXXXXXXXXXX

20220586.000000
1453293.000000
18767293.000000

20.221
 1.453
18.767

7.187
92.813

XXXXXXXXXXXXXXXXXXXXXXXXXXXXXXXXXXXXXXXXXXXXX

20706526.000000
1446831.000000
19259695.000000

20.707
 1.447
19.260

6.987
93.013

XXXXXXXXXXXXXXXXXXXXXXXXXXXXXXXXXXXXXXXXXXXXX

20978299.000000
1450867.000000
19527432.000000

20.978
 1.451
19.527

6.916
93.084

XXXXXXXXXXXXXXXXXXXXXXXXXXXXXXXXXXXXXXXXXXXXX

21187411.000000
1465818.000000
19721593.000000

21.187
 1.466
19.722

6.918
93.082

XXXXXXXXXXXXXXXXXXXXXXXXXXXXXXXXXXXXXXXXXXXXX

21304507.000000
1461281.000000
19843226.000000

21.305
 1.461
19.843

6.859
93.141

XXXXXXXXXXXXXXXXXXXXXXXXXXXXXXXXXXXXXXXXXXXXX


THREADS = 6 | 10 TIMES | BOARD = 150
15817090.000000
1471381.000000
14345709.000000

15.817
 1.471
14.346

9.302
90.698

XXXXXXXXXXXXXXXXXXXXXXXXXXXXXXXXXXXXXXXXXXXXX

16328736.000000
1452866.000000
14875870.000000

16.329
 1.453
14.876

8.898
91.102

XXXXXXXXXXXXXXXXXXXXXXXXXXXXXXXXXXXXXXXXXXXXX

15775668.000000
1477761.000000
14297907.000000

15.776
 1.478
14.298

9.367
90.633

XXXXXXXXXXXXXXXXXXXXXXXXXXXXXXXXXXXXXXXXXXXXX

16101192.000000
1474988.000000
14626204.000000

16.101
 1.475
14.626

9.161
90.839

XXXXXXXXXXXXXXXXXXXXXXXXXXXXXXXXXXXXXXXXXXXXX

15451909.000000
1486173.000000
13965736.000000

15.452
 1.486
13.966

9.618
90.382

XXXXXXXXXXXXXXXXXXXXXXXXXXXXXXXXXXXXXXXXXXXXX

15330899.000000
1459456.000000
13871443.000000

15.331
 1.459
13.871

9.520
90.480

XXXXXXXXXXXXXXXXXXXXXXXXXXXXXXXXXXXXXXXXXXXXX

15199206.000000
1482353.000000
13716853.000000

15.199
 1.482
13.717

9.753
90.247

XXXXXXXXXXXXXXXXXXXXXXXXXXXXXXXXXXXXXXXXXXXXX

16444769.000000
1468159.000000
14976610.000000

16.445
 1.468
14.977

8.928
91.072

XXXXXXXXXXXXXXXXXXXXXXXXXXXXXXXXXXXXXXXXXXXXX

16441120.000000
1483885.000000
14957235.000000

16.441
 1.484
14.957

9.025
90.975

XXXXXXXXXXXXXXXXXXXXXXXXXXXXXXXXXXXXXXXXXXXXX

15730500.000000
1479355.000000
14251145.000000

15.730
 1.479
14.251

9.404
90.596

XXXXXXXXXXXXXXXXXXXXXXXXXXXXXXXXXXXXXXXXXXXXX


THREADS = 8 | 10 TIMES | BOARD = 150
13120745.000000
1470906.000000
11649839.000000

13.121
 1.471
11.650

11.211
88.789

XXXXXXXXXXXXXXXXXXXXXXXXXXXXXXXXXXXXXXXXXXXXX

12733776.000000
1480516.000000
11253260.000000

12.734
 1.481
11.253

11.627
88.373

XXXXXXXXXXXXXXXXXXXXXXXXXXXXXXXXXXXXXXXXXXXXX

13496079.000000
1483656.000000
12012423.000000

13.496
 1.484
12.012

10.993
89.007

XXXXXXXXXXXXXXXXXXXXXXXXXXXXXXXXXXXXXXXXXXXXX

13832180.000000
1473682.000000
12358498.000000

13.832
 1.474
12.358

10.654
89.346

XXXXXXXXXXXXXXXXXXXXXXXXXXXXXXXXXXXXXXXXXXXXX

14612409.000000
1480187.000000
13132222.000000

14.612
 1.480
13.132

10.130
89.870

XXXXXXXXXXXXXXXXXXXXXXXXXXXXXXXXXXXXXXXXXXXXX

12922666.000000
1461306.000000
11461360.000000

12.923
 1.461
11.461

11.308
88.692

XXXXXXXXXXXXXXXXXXXXXXXXXXXXXXXXXXXXXXXXXXXXX

13108268.000000
1470619.000000
11637649.000000

13.108
 1.471
11.638

11.219
88.781

XXXXXXXXXXXXXXXXXXXXXXXXXXXXXXXXXXXXXXXXXXXXX

14353816.000000
1475538.000000
12878278.000000

14.354
 1.476
12.878

10.280
89.720

XXXXXXXXXXXXXXXXXXXXXXXXXXXXXXXXXXXXXXXXXXXXX

14078229.000000
1487427.000000
12590802.000000

14.078
 1.487
12.591

10.565
89.435

XXXXXXXXXXXXXXXXXXXXXXXXXXXXXXXXXXXXXXXXXXXXX

13261958.000000
1477079.000000
11784879.000000

13.262
 1.477
11.785

11.138
88.862

XXXXXXXXXXXXXXXXXXXXXXXXXXXXXXXXXXXXXXXXXXXXX


THREADS = 10 | 10 TIMES | BOARD = 150
11513599.000000
1501093.000000
10012506.000000

11.514
 1.501
10.013

13.038
86.962

XXXXXXXXXXXXXXXXXXXXXXXXXXXXXXXXXXXXXXXXXXXXX

11589530.000000
1521317.000000
10068213.000000

11.590
 1.521
10.068

13.127
86.873

XXXXXXXXXXXXXXXXXXXXXXXXXXXXXXXXXXXXXXXXXXXXX

11359057.000000
1472126.000000
9886931.000000

11.359
 1.472
 9.887

12.960
87.040

XXXXXXXXXXXXXXXXXXXXXXXXXXXXXXXXXXXXXXXXXXXXX

11758453.000000
1497792.000000
10260661.000000

11.758
 1.498
10.261

12.738
87.262

XXXXXXXXXXXXXXXXXXXXXXXXXXXXXXXXXXXXXXXXXXXXX

11475487.000000
1480975.000000
9994512.000000

11.475
 1.481
 9.995

12.906
87.094

XXXXXXXXXXXXXXXXXXXXXXXXXXXXXXXXXXXXXXXXXXXXX

11679095.000000
1496927.000000
10182168.000000

11.679
 1.497
10.182

12.817
87.183

XXXXXXXXXXXXXXXXXXXXXXXXXXXXXXXXXXXXXXXXXXXXX

11865346.000000
1491564.000000
10373782.000000

11.865
 1.492
10.374

12.571
87.429

XXXXXXXXXXXXXXXXXXXXXXXXXXXXXXXXXXXXXXXXXXXXX

12716524.000000
1493639.000000
11222885.000000

12.717
 1.494
11.223

11.746
88.254

XXXXXXXXXXXXXXXXXXXXXXXXXXXXXXXXXXXXXXXXXXXXX

11708325.000000
1483205.000000
10225120.000000

11.708
 1.483
10.225

12.668
87.332

XXXXXXXXXXXXXXXXXXXXXXXXXXXXXXXXXXXXXXXXXXXXX

12244425.000000
1475775.000000
10768650.000000

12.244
 1.476
10.769

12.053
87.947

XXXXXXXXXXXXXXXXXXXXXXXXXXXXXXXXXXXXXXXXXXXXX


THREADS = 12 | 10 TIMES | BOARD = 150
10646914.000000
1488837.000000
9158077.000000

10.647
 1.489
 9.158

13.984
86.016

XXXXXXXXXXXXXXXXXXXXXXXXXXXXXXXXXXXXXXXXXXXXX

11307352.000000
1516579.000000
9790773.000000

11.307
 1.517
 9.791

13.412
86.588

XXXXXXXXXXXXXXXXXXXXXXXXXXXXXXXXXXXXXXXXXXXXX

11702741.000000
1512532.000000
10190209.000000

11.703
 1.513
10.190

12.925
87.075

XXXXXXXXXXXXXXXXXXXXXXXXXXXXXXXXXXXXXXXXXXXXX

12352556.000000
1486806.000000
10865750.000000

12.353
 1.487
10.866

12.036
87.964

XXXXXXXXXXXXXXXXXXXXXXXXXXXXXXXXXXXXXXXXXXXXX

12278896.000000
1594607.000000
10684289.000000

12.279
 1.595
10.684

12.987
87.013

XXXXXXXXXXXXXXXXXXXXXXXXXXXXXXXXXXXXXXXXXXXXX

15736827.000000
1711245.000000
14025582.000000

15.737
 1.711
14.026

10.874
89.126

XXXXXXXXXXXXXXXXXXXXXXXXXXXXXXXXXXXXXXXXXXXXX

20147843.000000
1685834.000000
18462009.000000

20.148
 1.686
18.462

8.367
91.633

XXXXXXXXXXXXXXXXXXXXXXXXXXXXXXXXXXXXXXXXXXXXX

10074203.000000
1477844.000000
8596359.000000

10.074
 1.478
 8.596

14.670
85.330

XXXXXXXXXXXXXXXXXXXXXXXXXXXXXXXXXXXXXXXXXXXXX

11008200.000000
1488378.000000
9519822.000000

11.008
 1.488
 9.520

13.521
86.479

XXXXXXXXXXXXXXXXXXXXXXXXXXXXXXXXXXXXXXXXXXXXX

12832097.000000
1518185.000000
11313912.000000

12.832
 1.518
11.314

11.831
88.169

XXXXXXXXXXXXXXXXXXXXXXXXXXXXXXXXXXXXXXXXXXXXX


THREADS = 14 | 10 TIMES | BOARD = 150
11336343.000000
1523682.000000
9812661.000000

11.336
 1.524
 9.813

13.441
86.559

XXXXXXXXXXXXXXXXXXXXXXXXXXXXXXXXXXXXXXXXXXXXX

10396609.000000
1540334.000000
8856275.000000

10.397
 1.540
 8.856

14.816
85.184

XXXXXXXXXXXXXXXXXXXXXXXXXXXXXXXXXXXXXXXXXXXXX

13082575.000000
1509639.000000
11572936.000000

13.083
 1.510
11.573

11.539
88.461

XXXXXXXXXXXXXXXXXXXXXXXXXXXXXXXXXXXXXXXXXXXXX

11618629.000000
1502961.000000
10115668.000000

11.619
 1.503
10.116

12.936
87.064

XXXXXXXXXXXXXXXXXXXXXXXXXXXXXXXXXXXXXXXXXXXXX

9471649.000000
1483650.000000
7987999.000000

 9.472
 1.484
 7.988

15.664
84.336

XXXXXXXXXXXXXXXXXXXXXXXXXXXXXXXXXXXXXXXXXXXXX

10800163.000000
1523605.000000
9276558.000000

10.800
 1.524
 9.277

14.107
85.893

XXXXXXXXXXXXXXXXXXXXXXXXXXXXXXXXXXXXXXXXXXXXX

10451923.000000
1535173.000000
8916750.000000

10.452
 1.535
 8.917

14.688
85.312

XXXXXXXXXXXXXXXXXXXXXXXXXXXXXXXXXXXXXXXXXXXXX

12088915.000000
1513315.000000
10575600.000000

12.089
 1.513
10.576

12.518
87.482

XXXXXXXXXXXXXXXXXXXXXXXXXXXXXXXXXXXXXXXXXXXXX

12677557.000000
1484193.000000
11193364.000000

12.678
 1.484
11.193

11.707
88.293

XXXXXXXXXXXXXXXXXXXXXXXXXXXXXXXXXXXXXXXXXXXXX

10804843.000000
1508722.000000
9296121.000000

10.805
 1.509
 9.296

13.963
86.037

XXXXXXXXXXXXXXXXXXXXXXXXXXXXXXXXXXXXXXXXXXXXX


THREADS = 16 | 10 TIMES | BOARD = 150
9470137.000000
1494244.000000
7975893.000000

 9.470
 1.494
 7.976

15.778
84.222

XXXXXXXXXXXXXXXXXXXXXXXXXXXXXXXXXXXXXXXXXXXXX

9709320.000000
1479641.000000
8229679.000000

 9.709
 1.480
 8.230

15.239
84.761

XXXXXXXXXXXXXXXXXXXXXXXXXXXXXXXXXXXXXXXXXXXXX

10500570.000000
1503355.000000
8997215.000000

10.501
 1.503
 8.997

14.317
85.683

XXXXXXXXXXXXXXXXXXXXXXXXXXXXXXXXXXXXXXXXXXXXX

9218629.000000
1527154.000000
7691475.000000

 9.219
 1.527
 7.691

16.566
83.434

XXXXXXXXXXXXXXXXXXXXXXXXXXXXXXXXXXXXXXXXXXXXX

9832674.000000
1508708.000000
8323966.000000

 9.833
 1.509
 8.324

15.344
84.656

XXXXXXXXXXXXXXXXXXXXXXXXXXXXXXXXXXXXXXXXXXXXX

10559862.000000
1560872.000000
8998990.000000

10.560
 1.561
 8.999

14.781
85.219

XXXXXXXXXXXXXXXXXXXXXXXXXXXXXXXXXXXXXXXXXXXXX

9356596.000000
1493220.000000
7863376.000000

 9.357
 1.493
 7.863

15.959
84.041

XXXXXXXXXXXXXXXXXXXXXXXXXXXXXXXXXXXXXXXXXXXXX

8830303.000000
1499380.000000
7330923.000000

 8.830
 1.499
 7.331

16.980
83.020

XXXXXXXXXXXXXXXXXXXXXXXXXXXXXXXXXXXXXXXXXXXXX

9312262.000000
1493145.000000
7819117.000000

 9.312
 1.493
 7.819

16.034
83.966

XXXXXXXXXXXXXXXXXXXXXXXXXXXXXXXXXXXXXXXXXXXXX

10982662.000000
1551127.000000
9431535.000000

10.983
 1.551
 9.432

14.123
85.877

XXXXXXXXXXXXXXXXXXXXXXXXXXXXXXXXXXXXXXXXXXXXX


THREADS = 18 | 10 TIMES | BOARD = 150
11646096.000000
1588177.000000
10057919.000000

11.646
 1.588
10.058

13.637
86.363

XXXXXXXXXXXXXXXXXXXXXXXXXXXXXXXXXXXXXXXXXXXXX

11410525.000000
1536301.000000
9874224.000000

11.411
 1.536
 9.874

13.464
86.536

XXXXXXXXXXXXXXXXXXXXXXXXXXXXXXXXXXXXXXXXXXXXX

11633244.000000
1525609.000000
10107635.000000

11.633
 1.526
10.108

13.114
86.886

XXXXXXXXXXXXXXXXXXXXXXXXXXXXXXXXXXXXXXXXXXXXX

9958836.000000
1479895.000000
8478941.000000

 9.959
 1.480
 8.479

14.860
85.140

XXXXXXXXXXXXXXXXXXXXXXXXXXXXXXXXXXXXXXXXXXXXX

9809120.000000
1521277.000000
8287843.000000

 9.809
 1.521
 8.288

15.509
84.491

XXXXXXXXXXXXXXXXXXXXXXXXXXXXXXXXXXXXXXXXXXXXX

9691599.000000
1516309.000000
8175290.000000

 9.692
 1.516
 8.175

15.646
84.354

XXXXXXXXXXXXXXXXXXXXXXXXXXXXXXXXXXXXXXXXXXXXX

11060008.000000
1513417.000000
9546591.000000

11.060
 1.513
 9.547

13.684
86.316

XXXXXXXXXXXXXXXXXXXXXXXXXXXXXXXXXXXXXXXXXXXXX

8916407.000000
1472035.000000
7444372.000000

 8.916
 1.472
 7.444

16.509
83.491

XXXXXXXXXXXXXXXXXXXXXXXXXXXXXXXXXXXXXXXXXXXXX

13337105.000000
1517130.000000
11819975.000000

13.337
 1.517
11.820

11.375
88.625

XXXXXXXXXXXXXXXXXXXXXXXXXXXXXXXXXXXXXXXXXXXXX

10775030.000000
1472436.000000
9302594.000000

10.775
 1.472
 9.303

13.665
86.335

XXXXXXXXXXXXXXXXXXXXXXXXXXXXXXXXXXXXXXXXXXXXX


THREADS = 20 | 10 TIMES | BOARD = 150
11172913.000000
1511053.000000
9661860.000000

11.173
 1.511
 9.662

13.524
86.476

XXXXXXXXXXXXXXXXXXXXXXXXXXXXXXXXXXXXXXXXXXXXX

11586783.000000
1606658.000000
9980125.000000

11.587
 1.607
 9.980

13.866
86.134

XXXXXXXXXXXXXXXXXXXXXXXXXXXXXXXXXXXXXXXXXXXXX

11302997.000000
1512325.000000
9790672.000000

11.303
 1.512
 9.791

13.380
86.620

XXXXXXXXXXXXXXXXXXXXXXXXXXXXXXXXXXXXXXXXXXXXX

12127181.000000
1529272.000000
10597909.000000

12.127
 1.529
10.598

12.610
87.390

XXXXXXXXXXXXXXXXXXXXXXXXXXXXXXXXXXXXXXXXXXXXX

11174103.000000
1542960.000000
9631143.000000

11.174
 1.543
 9.631

13.808
86.192

XXXXXXXXXXXXXXXXXXXXXXXXXXXXXXXXXXXXXXXXXXXXX

10525329.000000
1521775.000000
9003554.000000

10.525
 1.522
 9.004

14.458
85.542

XXXXXXXXXXXXXXXXXXXXXXXXXXXXXXXXXXXXXXXXXXXXX

11246164.000000
1580260.000000
9665904.000000

11.246
 1.580
 9.666

14.052
85.948

XXXXXXXXXXXXXXXXXXXXXXXXXXXXXXXXXXXXXXXXXXXXX

10668301.000000
1487124.000000
9181177.000000

10.668
 1.487
 9.181

13.940
86.060

XXXXXXXXXXXXXXXXXXXXXXXXXXXXXXXXXXXXXXXXXXXXX

9802595.000000
1497872.000000
8304723.000000

 9.803
 1.498
 8.305

15.280
84.720

XXXXXXXXXXXXXXXXXXXXXXXXXXXXXXXXXXXXXXXXXXXXX

10394157.000000
1542689.000000
8851468.000000

10.394
 1.543
 8.851

14.842
85.158

XXXXXXXXXXXXXXXXXXXXXXXXXXXXXXXXXXXXXXXXXXXXX


