THREADS = 1 | 10 TIMES | BOARD = 100
13039295.000000
599037.000000
12440258.000000

13.039
 0.599
12.440

4.594
95.406

XXXXXXXXXXXXXXXXXXXXXXXXXXXXXXXXXXXXXXXXXXXXX

13471723.000000
588938.000000
12882785.000000

13.472
 0.589
12.883

4.372
95.628

XXXXXXXXXXXXXXXXXXXXXXXXXXXXXXXXXXXXXXXXXXXXX

13575429.000000
594982.000000
12980447.000000

13.575
 0.595
12.980

4.383
95.617

XXXXXXXXXXXXXXXXXXXXXXXXXXXXXXXXXXXXXXXXXXXXX

13492594.000000
597668.000000
12894926.000000

13.493
 0.598
12.895

4.430
95.570

XXXXXXXXXXXXXXXXXXXXXXXXXXXXXXXXXXXXXXXXXXXXX

13135916.000000
597940.000000
12537976.000000

13.136
 0.598
12.538

4.552
95.448

XXXXXXXXXXXXXXXXXXXXXXXXXXXXXXXXXXXXXXXXXXXXX

13115266.000000
599764.000000
12515502.000000

13.115
 0.600
12.516

4.573
95.427

XXXXXXXXXXXXXXXXXXXXXXXXXXXXXXXXXXXXXXXXXXXXX

13234308.000000
603542.000000
12630766.000000

13.234
 0.604
12.631

4.560
95.440

XXXXXXXXXXXXXXXXXXXXXXXXXXXXXXXXXXXXXXXXXXXXX

13223346.000000
598186.000000
12625160.000000

13.223
 0.598
12.625

4.524
95.476

XXXXXXXXXXXXXXXXXXXXXXXXXXXXXXXXXXXXXXXXXXXXX

13666688.000000
589728.000000
13076960.000000

13.667
 0.590
13.077

4.315
95.685

XXXXXXXXXXXXXXXXXXXXXXXXXXXXXXXXXXXXXXXXXXXXX

13160486.000000
599722.000000
12560764.000000

13.160
 0.600
12.561

4.557
95.443

XXXXXXXXXXXXXXXXXXXXXXXXXXXXXXXXXXXXXXXXXXXXX


THREADS = 2 | 10 TIMES | BOARD = 100
7628739.000000
613427.000000
7015312.000000

 7.629
 0.613
 7.015

8.041
91.959

XXXXXXXXXXXXXXXXXXXXXXXXXXXXXXXXXXXXXXXXXXXXX

7819353.000000
625537.000000
7193816.000000

 7.819
 0.626
 7.194

8.000
92.000

XXXXXXXXXXXXXXXXXXXXXXXXXXXXXXXXXXXXXXXXXXXXX

7633463.000000
618083.000000
7015380.000000

 7.633
 0.618
 7.015

8.097
91.903

XXXXXXXXXXXXXXXXXXXXXXXXXXXXXXXXXXXXXXXXXXXXX

7719832.000000
618915.000000
7100917.000000

 7.720
 0.619
 7.101

8.017
91.983

XXXXXXXXXXXXXXXXXXXXXXXXXXXXXXXXXXXXXXXXXXXXX

8792602.000000
627579.000000
8165023.000000

 8.793
 0.628
 8.165

7.138
92.862

XXXXXXXXXXXXXXXXXXXXXXXXXXXXXXXXXXXXXXXXXXXXX

7741386.000000
619017.000000
7122369.000000

 7.741
 0.619
 7.122

7.996
92.004

XXXXXXXXXXXXXXXXXXXXXXXXXXXXXXXXXXXXXXXXXXXXX

7747989.000000
618110.000000
7129879.000000

 7.748
 0.618
 7.130

7.978
92.022

XXXXXXXXXXXXXXXXXXXXXXXXXXXXXXXXXXXXXXXXXXXXX

7999130.000000
620144.000000
7378986.000000

 7.999
 0.620
 7.379

7.753
92.247

XXXXXXXXXXXXXXXXXXXXXXXXXXXXXXXXXXXXXXXXXXXXX

8240236.000000
621625.000000
7618611.000000

 8.240
 0.622
 7.619

7.544
92.456

XXXXXXXXXXXXXXXXXXXXXXXXXXXXXXXXXXXXXXXXXXXXX

7827156.000000
621290.000000
7205866.000000

 7.827
 0.621
 7.206

7.938
92.062

XXXXXXXXXXXXXXXXXXXXXXXXXXXXXXXXXXXXXXXXXXXXX


THREADS = 4 | 10 TIMES | BOARD = 100
4795318.000000
626784.000000
4168534.000000

 4.795
 0.627
 4.169

13.071
86.929

XXXXXXXXXXXXXXXXXXXXXXXXXXXXXXXXXXXXXXXXXXXXX

5004662.000000
632823.000000
4371839.000000

 5.005
 0.633
 4.372

12.645
87.355

XXXXXXXXXXXXXXXXXXXXXXXXXXXXXXXXXXXXXXXXXXXXX

4862848.000000
630383.000000
4232465.000000

 4.863
 0.630
 4.232

12.963
87.037

XXXXXXXXXXXXXXXXXXXXXXXXXXXXXXXXXXXXXXXXXXXXX

5069947.000000
634886.000000
4435061.000000

 5.070
 0.635
 4.435

12.523
87.477

XXXXXXXXXXXXXXXXXXXXXXXXXXXXXXXXXXXXXXXXXXXXX

5232516.000000
634838.000000
4597678.000000

 5.233
 0.635
 4.598

12.133
87.867

XXXXXXXXXXXXXXXXXXXXXXXXXXXXXXXXXXXXXXXXXXXXX

5034067.000000
630899.000000
4403168.000000

 5.034
 0.631
 4.403

12.533
87.467

XXXXXXXXXXXXXXXXXXXXXXXXXXXXXXXXXXXXXXXXXXXXX

5417297.000000
631964.000000
4785333.000000

 5.417
 0.632
 4.785

11.666
88.334

XXXXXXXXXXXXXXXXXXXXXXXXXXXXXXXXXXXXXXXXXXXXX

4850644.000000
632097.000000
4218547.000000

 4.851
 0.632
 4.219

13.031
86.969

XXXXXXXXXXXXXXXXXXXXXXXXXXXXXXXXXXXXXXXXXXXXX

5118137.000000
627958.000000
4490179.000000

 5.118
 0.628
 4.490

12.269
87.731

XXXXXXXXXXXXXXXXXXXXXXXXXXXXXXXXXXXXXXXXXXXXX

5137494.000000
631246.000000
4506248.000000

 5.137
 0.631
 4.506

12.287
87.713

XXXXXXXXXXXXXXXXXXXXXXXXXXXXXXXXXXXXXXXXXXXXX


THREADS = 6 | 10 TIMES | BOARD = 100
4027842.000000
635462.000000
3392380.000000

 4.028
 0.635
 3.392

15.777
84.223

XXXXXXXXXXXXXXXXXXXXXXXXXXXXXXXXXXXXXXXXXXXXX

3721261.000000
625582.000000
3095679.000000

 3.721
 0.626
 3.096

16.811
83.189

XXXXXXXXXXXXXXXXXXXXXXXXXXXXXXXXXXXXXXXXXXXXX

3840140.000000
632518.000000
3207622.000000

 3.840
 0.633
 3.208

16.471
83.529

XXXXXXXXXXXXXXXXXXXXXXXXXXXXXXXXXXXXXXXXXXXXX

4054483.000000
634832.000000
3419651.000000

 4.054
 0.635
 3.420

15.658
84.342

XXXXXXXXXXXXXXXXXXXXXXXXXXXXXXXXXXXXXXXXXXXXX

3867005.000000
629492.000000
3237513.000000

 3.867
 0.629
 3.238

16.279
83.721

XXXXXXXXXXXXXXXXXXXXXXXXXXXXXXXXXXXXXXXXXXXXX

3890020.000000
637956.000000
3252064.000000

 3.890
 0.638
 3.252

16.400
83.600

XXXXXXXXXXXXXXXXXXXXXXXXXXXXXXXXXXXXXXXXXXXXX

4031481.000000
637034.000000
3394447.000000

 4.031
 0.637
 3.394

15.801
84.199

XXXXXXXXXXXXXXXXXXXXXXXXXXXXXXXXXXXXXXXXXXXXX

4088881.000000
626423.000000
3462458.000000

 4.089
 0.626
 3.462

15.320
84.680

XXXXXXXXXXXXXXXXXXXXXXXXXXXXXXXXXXXXXXXXXXXXX

4239421.000000
652102.000000
3587319.000000

 4.239
 0.652
 3.587

15.382
84.618

XXXXXXXXXXXXXXXXXXXXXXXXXXXXXXXXXXXXXXXXXXXXX

3968532.000000
662212.000000
3306320.000000

 3.969
 0.662
 3.306

16.687
83.313

XXXXXXXXXXXXXXXXXXXXXXXXXXXXXXXXXXXXXXXXXXXXX


THREADS = 8 | 10 TIMES | BOARD = 100
3845201.000000
664962.000000
3180239.000000

 3.845
 0.665
 3.180

17.293
82.707

XXXXXXXXXXXXXXXXXXXXXXXXXXXXXXXXXXXXXXXXXXXXX

3471165.000000
638702.000000
2832463.000000

 3.471
 0.639
 2.832

18.400
81.600

XXXXXXXXXXXXXXXXXXXXXXXXXXXXXXXXXXXXXXXXXXXXX

3424623.000000
637603.000000
2787020.000000

 3.425
 0.638
 2.787

18.618
81.382

XXXXXXXXXXXXXXXXXXXXXXXXXXXXXXXXXXXXXXXXXXXXX

3450678.000000
644879.000000
2805799.000000

 3.451
 0.645
 2.806

18.688
81.312

XXXXXXXXXXXXXXXXXXXXXXXXXXXXXXXXXXXXXXXXXXXXX

3471346.000000
639992.000000
2831354.000000

 3.471
 0.640
 2.831

18.436
81.564

XXXXXXXXXXXXXXXXXXXXXXXXXXXXXXXXXXXXXXXXXXXXX

3397642.000000
640028.000000
2757614.000000

 3.398
 0.640
 2.758

18.837
81.163

XXXXXXXXXXXXXXXXXXXXXXXXXXXXXXXXXXXXXXXXXXXXX

3513272.000000
641855.000000
2871417.000000

 3.513
 0.642
 2.871

18.269
81.731

XXXXXXXXXXXXXXXXXXXXXXXXXXXXXXXXXXXXXXXXXXXXX

3468601.000000
634442.000000
2834159.000000

 3.469
 0.634
 2.834

18.291
81.709

XXXXXXXXXXXXXXXXXXXXXXXXXXXXXXXXXXXXXXXXXXXXX

3483326.000000
638966.000000
2844360.000000

 3.483
 0.639
 2.844

18.344
81.656

XXXXXXXXXXXXXXXXXXXXXXXXXXXXXXXXXXXXXXXXXXXXX

3559257.000000
650853.000000
2908404.000000

 3.559
 0.651
 2.908

18.286
81.714

XXXXXXXXXXXXXXXXXXXXXXXXXXXXXXXXXXXXXXXXXXXXX


THREADS = 10 | 10 TIMES | BOARD = 100
3399546.000000
668886.000000
2730660.000000

 3.400
 0.669
 2.731

19.676
80.324

XXXXXXXXXXXXXXXXXXXXXXXXXXXXXXXXXXXXXXXXXXXXX

4623845.000000
787871.000000
3835974.000000

 4.624
 0.788
 3.836

17.039
82.961

XXXXXXXXXXXXXXXXXXXXXXXXXXXXXXXXXXXXXXXXXXXXX

3289529.000000
651759.000000
2637770.000000

 3.290
 0.652
 2.638

19.813
80.187

XXXXXXXXXXXXXXXXXXXXXXXXXXXXXXXXXXXXXXXXXXXXX

3333021.000000
660112.000000
2672909.000000

 3.333
 0.660
 2.673

19.805
80.195

XXXXXXXXXXXXXXXXXXXXXXXXXXXXXXXXXXXXXXXXXXXXX

3266172.000000
652231.000000
2613941.000000

 3.266
 0.652
 2.614

19.969
80.031

XXXXXXXXXXXXXXXXXXXXXXXXXXXXXXXXXXXXXXXXXXXXX

3315582.000000
648009.000000
2667573.000000

 3.316
 0.648
 2.668

19.544
80.456

XXXXXXXXXXXXXXXXXXXXXXXXXXXXXXXXXXXXXXXXXXXXX

3081204.000000
646520.000000
2434684.000000

 3.081
 0.647
 2.435

20.983
79.017

XXXXXXXXXXXXXXXXXXXXXXXXXXXXXXXXXXXXXXXXXXXXX

3440617.000000
651610.000000
2789007.000000

 3.441
 0.652
 2.789

18.939
81.061

XXXXXXXXXXXXXXXXXXXXXXXXXXXXXXXXXXXXXXXXXXXXX

3330991.000000
647678.000000
2683313.000000

 3.331
 0.648
 2.683

19.444
80.556

XXXXXXXXXXXXXXXXXXXXXXXXXXXXXXXXXXXXXXXXXXXXX

3116749.000000
650871.000000
2465878.000000

 3.117
 0.651
 2.466

20.883
79.117

XXXXXXXXXXXXXXXXXXXXXXXXXXXXXXXXXXXXXXXXXXXXX


THREADS = 12 | 10 TIMES | BOARD = 100
3153217.000000
649284.000000
2503933.000000

 3.153
 0.649
 2.504

20.591
79.409

XXXXXXXXXXXXXXXXXXXXXXXXXXXXXXXXXXXXXXXXXXXXX

3186540.000000
646695.000000
2539845.000000

 3.187
 0.647
 2.540

20.295
79.705

XXXXXXXXXXXXXXXXXXXXXXXXXXXXXXXXXXXXXXXXXXXXX

3141385.000000
650230.000000
2491155.000000

 3.141
 0.650
 2.491

20.699
79.301

XXXXXXXXXXXXXXXXXXXXXXXXXXXXXXXXXXXXXXXXXXXXX

3150153.000000
666751.000000
2483402.000000

 3.150
 0.667
 2.483

21.166
78.834

XXXXXXXXXXXXXXXXXXXXXXXXXXXXXXXXXXXXXXXXXXXXX

3133215.000000
671827.000000
2461388.000000

 3.133
 0.672
 2.461

21.442
78.558

XXXXXXXXXXXXXXXXXXXXXXXXXXXXXXXXXXXXXXXXXXXXX

3071688.000000
654484.000000
2417204.000000

 3.072
 0.654
 2.417

21.307
78.693

XXXXXXXXXXXXXXXXXXXXXXXXXXXXXXXXXXXXXXXXXXXXX

2865104.000000
654760.000000
2210344.000000

 2.865
 0.655
 2.210

22.853
77.147

XXXXXXXXXXXXXXXXXXXXXXXXXXXXXXXXXXXXXXXXXXXXX

3766869.000000
806960.000000
2959909.000000

 3.767
 0.807
 2.960

21.423
78.577

XXXXXXXXXXXXXXXXXXXXXXXXXXXXXXXXXXXXXXXXXXXXX

3012471.000000
653935.000000
2358536.000000

 3.012
 0.654
 2.359

21.708
78.292

XXXXXXXXXXXXXXXXXXXXXXXXXXXXXXXXXXXXXXXXXXXXX

2864777.000000
651543.000000
2213234.000000

 2.865
 0.652
 2.213

22.743
77.257

XXXXXXXXXXXXXXXXXXXXXXXXXXXXXXXXXXXXXXXXXXXXX


THREADS = 14 | 10 TIMES | BOARD = 100
2737956.000000
664246.000000
2073710.000000

 2.738
 0.664
 2.074

24.261
75.739

XXXXXXXXXXXXXXXXXXXXXXXXXXXXXXXXXXXXXXXXXXXXX

2578624.000000
641949.000000
1936675.000000

 2.579
 0.642
 1.937

24.895
75.105

XXXXXXXXXXXXXXXXXXXXXXXXXXXXXXXXXXXXXXXXXXXXX

2852143.000000
668865.000000
2183278.000000

 2.852
 0.669
 2.183

23.451
76.549

XXXXXXXXXXXXXXXXXXXXXXXXXXXXXXXXXXXXXXXXXXXXX

2890205.000000
655768.000000
2234437.000000

 2.890
 0.656
 2.234

22.689
77.311

XXXXXXXXXXXXXXXXXXXXXXXXXXXXXXXXXXXXXXXXXXXXX

2554506.000000
638137.000000
1916369.000000

 2.555
 0.638
 1.916

24.981
75.019

XXXXXXXXXXXXXXXXXXXXXXXXXXXXXXXXXXXXXXXXXXXXX

3067070.000000
664486.000000
2402584.000000

 3.067
 0.664
 2.403

21.665
78.335

XXXXXXXXXXXXXXXXXXXXXXXXXXXXXXXXXXXXXXXXXXXXX

3009003.000000
668525.000000
2340478.000000

 3.009
 0.669
 2.340

22.217
77.783

XXXXXXXXXXXXXXXXXXXXXXXXXXXXXXXXXXXXXXXXXXXXX

3226651.000000
649859.000000
2576792.000000

 3.227
 0.650
 2.577

20.140
79.860

XXXXXXXXXXXXXXXXXXXXXXXXXXXXXXXXXXXXXXXXXXXXX

2990370.000000
662163.000000
2328207.000000

 2.990
 0.662
 2.328

22.143
77.857

XXXXXXXXXXXXXXXXXXXXXXXXXXXXXXXXXXXXXXXXXXXXX

3225551.000000
698409.000000
2527142.000000

 3.226
 0.698
 2.527

21.652
78.348

XXXXXXXXXXXXXXXXXXXXXXXXXXXXXXXXXXXXXXXXXXXXX


THREADS = 16 | 10 TIMES | BOARD = 100
3010936.000000
657542.000000
2353394.000000

 3.011
 0.658
 2.353

21.838
78.162

XXXXXXXXXXXXXXXXXXXXXXXXXXXXXXXXXXXXXXXXXXXXX

3471314.000000
731461.000000
2739853.000000

 3.471
 0.731
 2.740

21.072
78.928

XXXXXXXXXXXXXXXXXXXXXXXXXXXXXXXXXXXXXXXXXXXXX

3446776.000000
617536.000000
2829240.000000

 3.447
 0.618
 2.829

17.916
82.084

XXXXXXXXXXXXXXXXXXXXXXXXXXXXXXXXXXXXXXXXXXXXX

3572050.000000
696078.000000
2875972.000000

 3.572
 0.696
 2.876

19.487
80.513

XXXXXXXXXXXXXXXXXXXXXXXXXXXXXXXXXXXXXXXXXXXXX

3707531.000000
680893.000000
3026638.000000

 3.708
 0.681
 3.027

18.365
81.635

XXXXXXXXXXXXXXXXXXXXXXXXXXXXXXXXXXXXXXXXXXXXX

3640136.000000
721515.000000
2918621.000000

 3.640
 0.722
 2.919

19.821
80.179

XXXXXXXXXXXXXXXXXXXXXXXXXXXXXXXXXXXXXXXXXXXXX

3465171.000000
691982.000000
2773189.000000

 3.465
 0.692
 2.773

19.970
80.030

XXXXXXXXXXXXXXXXXXXXXXXXXXXXXXXXXXXXXXXXXXXXX

3577489.000000
683337.000000
2894152.000000

 3.577
 0.683
 2.894

19.101
80.899

XXXXXXXXXXXXXXXXXXXXXXXXXXXXXXXXXXXXXXXXXXXXX

3979633.000000
696298.000000
3283335.000000

 3.980
 0.696
 3.283

17.497
82.503

XXXXXXXXXXXXXXXXXXXXXXXXXXXXXXXXXXXXXXXXXXXXX

5731196.000000
755705.000000
4975491.000000

 5.731
 0.756
 4.975

13.186
86.814

XXXXXXXXXXXXXXXXXXXXXXXXXXXXXXXXXXXXXXXXXXXXX


THREADS = 18 | 10 TIMES | BOARD = 100
6388145.000000
1144902.000000
5243243.000000

 6.388
 1.145
 5.243

17.922
82.078

XXXXXXXXXXXXXXXXXXXXXXXXXXXXXXXXXXXXXXXXXXXXX

5904709.000000
938929.000000
4965780.000000

 5.905
 0.939
 4.966

15.901
84.099

XXXXXXXXXXXXXXXXXXXXXXXXXXXXXXXXXXXXXXXXXXXXX

6302113.000000
984173.000000
5317940.000000

 6.302
 0.984
 5.318

15.617
84.383

XXXXXXXXXXXXXXXXXXXXXXXXXXXXXXXXXXXXXXXXXXXXX

3108004.000000
637322.000000
2470682.000000

 3.108
 0.637
 2.471

20.506
79.494

XXXXXXXXXXXXXXXXXXXXXXXXXXXXXXXXXXXXXXXXXXXXX

5705525.000000
917682.000000
4787843.000000

 5.706
 0.918
 4.788

16.084
83.916

XXXXXXXXXXXXXXXXXXXXXXXXXXXXXXXXXXXXXXXXXXXXX

6014494.000000
927832.000000
5086662.000000

 6.014
 0.928
 5.087

15.427
84.573

XXXXXXXXXXXXXXXXXXXXXXXXXXXXXXXXXXXXXXXXXXXXX

2909782.000000
664770.000000
2245012.000000

 2.910
 0.665
 2.245

22.846
77.154

XXXXXXXXXXXXXXXXXXXXXXXXXXXXXXXXXXXXXXXXXXXXX

2673688.000000
636949.000000
2036739.000000

 2.674
 0.637
 2.037

23.823
76.177

XXXXXXXXXXXXXXXXXXXXXXXXXXXXXXXXXXXXXXXXXXXXX

2612219.000000
638229.000000
1973990.000000

 2.612
 0.638
 1.974

24.432
75.568

XXXXXXXXXXXXXXXXXXXXXXXXXXXXXXXXXXXXXXXXXXXXX

2402826.000000
633627.000000
1769199.000000

 2.403
 0.634
 1.769

26.370
73.630

XXXXXXXXXXXXXXXXXXXXXXXXXXXXXXXXXXXXXXXXXXXXX


THREADS = 20 | 10 TIMES | BOARD = 100
2938253.000000
615975.000000
2322278.000000

 2.938
 0.616
 2.322

20.964
79.036

XXXXXXXXXXXXXXXXXXXXXXXXXXXXXXXXXXXXXXXXXXXXX

3066164.000000
689205.000000
2376959.000000

 3.066
 0.689
 2.377

22.478
77.522

XXXXXXXXXXXXXXXXXXXXXXXXXXXXXXXXXXXXXXXXXXXXX

2669602.000000
634978.000000
2034624.000000

 2.670
 0.635
 2.035

23.785
76.215

XXXXXXXXXXXXXXXXXXXXXXXXXXXXXXXXXXXXXXXXXXXXX

2500771.000000
626933.000000
1873838.000000

 2.501
 0.627
 1.874

25.070
74.930

XXXXXXXXXXXXXXXXXXXXXXXXXXXXXXXXXXXXXXXXXXXXX

2990940.000000
669537.000000
2321403.000000

 2.991
 0.670
 2.321

22.386
77.614

XXXXXXXXXXXXXXXXXXXXXXXXXXXXXXXXXXXXXXXXXXXXX

2542761.000000
637023.000000
1905738.000000

 2.543
 0.637
 1.906

25.052
74.948

XXXXXXXXXXXXXXXXXXXXXXXXXXXXXXXXXXXXXXXXXXXXX

2777491.000000
645894.000000
2131597.000000

 2.777
 0.646
 2.132

23.255
76.745

XXXXXXXXXXXXXXXXXXXXXXXXXXXXXXXXXXXXXXXXXXXXX

2832045.000000
685659.000000
2146386.000000

 2.832
 0.686
 2.146

24.211
75.789

XXXXXXXXXXXXXXXXXXXXXXXXXXXXXXXXXXXXXXXXXXXXX

2676827.000000
621868.000000
2054959.000000

 2.677
 0.622
 2.055

23.232
76.768

XXXXXXXXXXXXXXXXXXXXXXXXXXXXXXXXXXXXXXXXXXXXX

2866005.000000
663283.000000
2202722.000000

 2.866
 0.663
 2.203

23.143
76.857

XXXXXXXXXXXXXXXXXXXXXXXXXXXXXXXXXXXXXXXXXXXXX


